/*
    A DCL_runPIParallel example with the 
    following controller parameters: 
    .Kp  = 1.8540138247f,
    .Ki  = 0.0081723506f,
    .Umax = 1.50000f,
    .Umin = -1.50000f,
*/
0.000000,
0.000000,
0.000000,
0.000000,
0.000000,
0.000000,
0.000000,
0.000000,
0.000000,
0.000000,
0.000000,
0.000000,
0.000000,
0.000000,
0.000000,
0.000000,
0.000000,
0.000000,
0.000000,
0.000000,
0.000000,
0.000000,
0.000000,
0.000000,
0.000000,
0.000000,
0.000000,
0.000000,
0.000000,
0.000000,
0.000000,
0.000000,
0.000000,
0.000000,
0.000000,
0.000000,
0.000000,
0.000000,
0.000000,
0.000000,
0.000000,
0.000000,
0.000000,
0.000000,
0.000000,
0.000000,
0.000000,
0.000000,
0.000000,
0.000000,
0.000000,
0.000000,
0.000000,
0.000000,
0.000000,
0.000000,
0.000000,
0.000000,
0.000000,
0.000000,
0.000000,
0.000000,
0.000000,
0.000000,
0.000000,
0.000000,
0.000000,
0.000000,
0.000000,
0.000000,
0.000000,
0.000000,
0.000000,
0.000000,
0.000000,
0.000000,
0.000000,
0.000000,
0.000000,
0.000000,
0.000000,
0.000000,
0.000000,
0.000000,
0.000000,
0.000000,
0.000000,
0.000000,
0.000000,
0.000000,
0.000000,
0.000000,
0.000000,
0.000000,
0.000000,
0.000000,
0.000000,
0.000000,
0.000000,
0.000000,
0.000000,
0.000000,
0.000000,
0.000000,
0.000000,
0.000000,
0.000000,
0.000000,
0.000000,
0.000000,
0.000000,
0.000000,
0.000000,
0.000000,
0.000000,
0.000000,
0.000000,
0.000000,
0.000000,
0.000000,
0.000000,
0.000000,
0.000000,
0.000000,
0.000000,
0.000000,
0.000000,
0.000000,
0.000000,
0.000000,
0.000000,
0.000000,
0.000000,
0.000000,
0.000000,
0.000000,
0.000000,
0.000000,
0.000000,
0.000000,
0.000000,
0.000000,
0.000000,
0.000000,
0.000000,
0.000000,
0.000000,
0.000000,
0.000000,
0.000000,
0.000000,
0.000000,
0.000000,
0.000000,
0.000000,
0.000000,
0.000000,
0.000000,
0.000000,
0.000000,
0.824017,
0.906777,
0.989883,
1.073337,
1.157138,
1.241287,
1.325782,
1.410625,
1.424150,
1.331465,
1.304433,
1.186230,
1.094285,
0.981853,
0.853315,
0.707233,
0.578661,
0.430436,
0.301898,
0.227285,
0.101918,
0.005726,
-0.031210,
-0.076810,
-0.087092,
-0.098861,
-0.071446,
-0.076869,
-0.002158,
0.040221,
0.096415,
0.126246,
0.203252,
0.251693,
0.313325,
0.348254,
0.358102,
0.375382,
0.396631,
0.386641,
0.346052,
0.342863,
0.301055,
0.225671,
0.219819,
0.099351,
0.089406,
0.031168,
-0.060904,
-0.084783,
-0.152832,
-0.184206,
-0.220565,
-0.221337,
-0.259206,
-0.257612,
-0.257494,
-0.218137,
-0.247832,
-0.161853,
-0.185387,
-0.123781,
-0.099455,
-0.029963,
-0.028340,
0.019033,
0.031178,
0.085608,
0.069623,
0.096571,
0.121114,
0.112585,
0.106713,
0.099212,
0.126182,
0.079402,
0.071481,
0.056923,
0.004851,
0.022443,
-0.003240,
0.008716,
-0.019186,
-0.045902,
-0.040495,
-0.038946,
-0.037158,
-0.035604,
-0.034227,
0.002796,
0.003329,
0.008034,
0.048121,
0.051976,
0.060203,
0.068190,
0.112287,
0.120307,
0.132915,
0.145491,
0.158561,
0.136232,
0.150656,
0.161162,
0.136551,
0.148429,
0.156195,
0.128636,
0.101526,
0.142237,
0.070916,
0.112435,
0.072399,
0.109273,
0.068678,
0.032855,
0.063884,
0.090017,
0.047974,
0.045464,
0.073617,
0.065371,
0.060815,
0.091216,
0.084958,
0.082637,
0.079643,
0.112329,
0.072664,
0.109286,
0.104773,
0.104935,
0.104564,
0.104251,
0.103929,
0.103605,
0.103280,
0.102953,
0.102623,
0.066459,
0.102430,
0.061903,
0.098133,
0.057338,
0.057530,
0.088659,
0.047972,
0.047674,
0.042548,
0.073565,
0.032171,
0.067068,
0.060819,
0.023406,
0.057590,
0.086995,
0.048870,
0.050874,
0.084139,
0.045774,
0.083839,
0.080975,
0.082985,
0.048832,
0.087077,
0.084854,
0.051622,
0.090205,
0.088388,
0.055558,
0.058712,
0.093603,
0.056822,
0.060649,
0.059856,
0.095421,
0.058786,
0.062821,
0.062230,
0.062166,
0.062040,
0.061922,
0.061802,
0.061682,
0.061562,
0.061441,
0.061320,
0.061199,
0.061077,
0.060955,
0.096667,
0.060238,
0.064475,
0.064087,
0.064225,
0.100137,
0.063920,
0.068365,
0.104021,
0.068066,
0.072716,
0.072751,
0.073313,
0.073818,
0.074331,
0.074847,
0.075364,
0.075884,
0.076406,
0.076930,
0.041623,
0.078456,
0.074627,
0.075425,
0.075697,
0.076031,
0.040528,
0.077162,
0.073135,
0.073733,
0.073805,
0.073938,
0.074064,
0.074192,
0.074320,
0.074448,
0.074578,
0.074707,
0.074837,
0.074968,
0.075099,
0.075231,
0.075363,
0.075496,
0.075629,
0.075762,
0.075897,
0.076031,
0.040332,
0.076774,
0.072551,
0.072952,
0.072827,
0.072762,
0.072689,
0.072617,
0.072544,
0.072471,
0.072398,
0.072324,
0.072250,
0.072175,
0.072101,
0.072026,
0.071950,
0.071875,
0.071798,
0.071722,
0.071645,
0.071568,
0.071491,
0.071413,
0.071335,
0.071256,
0.071178,
0.071099,
0.071019,
0.070939,
0.070859,
0.070779,
0.070698,
0.070617,
0.070535,
0.070453,
0.070371,
0.070289,
0.070206,
0.070123,
0.070039,
0.069955,
0.069871,
0.069786,
0.069702,
0.069616,
0.069531,
0.069445,
0.069359,
0.069272,
0.069185,
0.069098,
0.069010,
0.104757,
0.068362,
0.072633,
0.072280,
0.072453,
0.072566,
0.072687,
0.072808,
0.072929,
0.073051,
0.073173,
0.073296,
0.073420,
0.037709,
0.074139,
0.069905,
0.070295,
0.070159,
0.070082,
0.069998,
0.069914,
0.069830,
0.069746,
0.069661,
0.069576,
0.069490,
0.069405,
0.105153,
0.068761,
0.073033,
0.072681,
0.072856,
0.072972,
0.073095,
0.073217,
0.073340,
0.073464,
0.073588,
0.073713,
0.073838,
0.073964,
0.074090,
0.038383,
0.074816,
0.070584,
0.070977,
0.070844,
0.070770,
0.070688,
0.070608,
0.070527,
0.070445,
0.070363,
0.070281,
0.070198,
0.070116,
0.070032,
0.069949,
0.069865,
0.105615,
0.069225,
0.073499,
0.073149,
0.073326,
0.073443,
0.073568,
0.073693,
0.073818,
0.073943,
0.074069,
0.038362,
0.074795,
0.070563,
0.070955,
0.070822,
0.070748,
0.070666,
0.070585,
0.070504,
0.070422,
0.070340,
0.070258,
0.070175,
0.070092,
0.070009,
0.069925,
0.069841,
0.069757,
0.069672,
0.105421,
0.069030,
0.073304,
0.072953,
0.073129,
0.073245,
0.073369,
0.073493,
0.073617,
0.073742,
0.073867,
0.073993,
0.038285,
0.074717,
0.070485,
0.070878,
0.070744,
0.070669,
0.070587,
0.070506,
0.070424,
0.070342,
0.070260,
0.070177,
0.070094,
0.070011,
0.069927,
0.069843,
0.069759,
0.069674,
0.105424,
0.069032,
0.073306,
0.072955,
0.073131,
0.073248,
0.073371,
0.073495,
0.073619,
0.073744,
0.073869,
0.073995,
0.038287,
0.074719,
0.070487,
0.070880,
0.070746,
0.070671,
0.070590,
0.070508,
0.070427,
0.070345,
0.070262,
0.070180,
0.070097,
0.070013,
0.069929,
0.069845,
0.069761,
0.069676,
0.105426,
0.069034,
0.073308,
0.072957,
0.073133,
0.073250,
0.073374,
0.073497,
0.073621,
0.073746,
0.073871,
0.073997,
0.038289,
0.074722,
0.070490,
0.070882,
0.070748,
0.070673,
0.070592,
0.070510,
0.070429,
0.070347,
0.070264,
0.070182,
0.070099,
0.070015,
0.069932,
0.069848,
0.069763,
0.069679,
0.105428,
0.069037,
0.073310,
0.072959,
0.073135,
0.073252,
0.073376,
0.073499,
0.073624,
0.073748,
0.073873,
0.073999,
0.038291,
0.074724,
0.070492,
0.070884,
0.070750,
0.070676,
0.070594,
0.070513,
0.070431,
0.070349,
0.070267,
0.070184,
0.070101,
0.070018,
0.069934,
0.069850,
0.069765,
0.069681,
0.105430,
0.069039,
0.073312,
0.072962,
0.073137,
0.073254,
0.073378,
0.073502,
0.073626,
0.073750,
0.073876,
0.074001,
0.038293,
0.074726,
0.070494,
0.070886,
0.070752,
0.070678,
0.070596,
0.070515,
0.070433,
0.070351,
0.070269,
0.070186,
0.070103,
0.070020,
0.069936,
0.069852,
0.069768,
0.069683,
0.105432,
0.069041,
0.073314,
0.072964,
0.073140,
0.073256,
0.073380,
0.073504,
0.073628,
0.073753,
0.073878,
0.074004,
0.038295,
0.074728,
0.070496,
0.070888,
0.070754,
0.070680,
0.070598,
0.070517,
0.070435,
0.070353,
0.070271,
0.070188,
0.070105,
0.070022,
0.069938,
0.069854,
0.069770,
0.069685,
0.105434,
0.069043,
0.073317,
0.072966,
0.073142,
0.073258,
0.073382,
0.073506,
0.073630,
0.073755,
0.073880,
0.074006,
0.038298,
0.074730,
0.070498,
0.070891,
0.070757,
0.070682,
0.070600,
0.070519,
0.070438,
0.070356,
0.070273,
0.070191,
0.070108,
0.070024,
0.069940,
0.069856,
0.069772,
0.069687,
0.105437,
0.069045,
0.073319,
0.072968,
0.073144,
0.073261,
0.073385,
0.073508,
0.073632,
0.073757,
0.073882,
0.074008,
0.038300,
0.074733,
0.070501,
0.070893,
0.070759,
0.070684,
0.070603,
0.070521,
0.070440,
0.070358,
0.070276,
0.070193,
0.070110,
0.070026,
0.069943,
0.069859,
0.069774,
0.069690,
0.105439,
0.069048,
0.073321,
0.072971,
0.073146,
0.073263,
0.073387,
0.073510,
0.073635,
0.073759,
0.073885,
0.074010,
0.038302,
0.074735,
0.070503,
0.070895,
0.070761,
0.070687,
0.070605,
-0.753494,
-0.836334,
-0.919523,
-1.003059,
-1.086943,
-1.171175,
-1.255754,
-1.340680,
-1.318455,
-1.297993,
-1.194549,
-1.117358,
-1.020615,
-0.908591,
-0.779869,
-0.633670,
-0.504972,
-0.356623,
-0.263792,
-0.116917,
-0.032087,
0.033022,
0.105864,
0.147291,
0.157958,
0.169595,
0.142104,
0.147447,
0.072652,
0.030192,
-0.026083,
-0.055996,
-0.133087,
-0.181610,
-0.243325,
-0.278338,
-0.288272,
-0.305636,
-0.326967,
-0.281232,
-0.312866,
-0.269099,
-0.196166,
-0.192483,
-0.110278,
-0.066651,
0.020231,
0.037394,
0.134270,
0.157741,
0.225971,
0.257462,
0.293944,
0.294841,
0.332832,
0.331364,
0.295538,
0.328444,
0.281771,
0.272678,
0.219316,
0.198823,
0.169734,
0.100694,
0.098928,
0.051482,
0.039254,
-0.015258,
0.000645,
-0.026386,
-0.051012,
-0.042567,
-0.036777,
-0.029361,
-0.020583,
-0.010193,
0.002005,
0.016211,
0.032628,
0.051457,
0.072904,
0.097171,
0.088632,
0.119629,
0.113873,
0.112499,
0.110831,
0.109402,
0.072318,
0.107558,
0.066488,
0.030700,
0.062352,
0.018020,
-0.021297,
0.006625,
-0.041646,
-0.049279,
-0.062020,
-0.074670,
-0.087820,
-0.065574,
-0.080077,
-0.090667,
-0.066136,
-0.078096,
-0.085945,
-0.058468,
-0.031443,
-0.036404,
-0.037305,
-0.038243,
-0.002916,
-0.003515,
0.000632,
0.004903,
0.009827,
0.015346,
0.021469,
-0.007635,
0.036007,
0.003764,
-0.022769,
0.018565,
-0.015655,
-0.008596,
-0.041834,
-0.002197,
-0.038910,
-0.034478,
-0.034724,
-0.034437,
-0.034208,
-0.033970,
-0.033731,
-0.033491,
-0.033249,
-0.033005,
-0.032760,
0.003320,
-0.032736,
0.007707,
0.007223,
0.011627,
-0.020124,
0.020534,
0.020734,
0.025771,
0.030494,
-0.000342,
0.041168,
0.006397,
0.012770,
0.014474,
0.016720,
0.018914,
0.021125,
-0.012489,
0.026044,
-0.011910,
-0.008927,
-0.010820,
0.023452,
-0.014673,
-0.012330,
-0.014812,
0.018863,
-0.019862,
0.017713,
-0.021678,
0.015749,
-0.023851,
0.013374,
0.009405,
0.010121,
0.010305,
0.010551,
0.010790,
0.011032,
0.011274,
0.011516,
0.011760,
0.012005,
0.012250,
0.012496,
0.012743,
0.012991,
-0.022593,
0.013961,
0.009853,
0.010368,
-0.025475,
0.010879,
0.006563,
-0.028962,
0.007124,
0.002605,
-0.033131,
0.002744,
-0.001987,
-0.002102,
-0.002746,
-0.003332,
-0.003928,
-0.004525,
-0.005125,
-0.005727,
0.029501,
-0.007411,
-0.003662,
-0.004540,
-0.004893,
0.030526,
-0.006188,
-0.002241,
-0.002918,
-0.003071,
-0.003285,
0.032341,
-0.004173,
-0.000024,
-0.000499,
-0.000448,
-0.000457,
-0.000460,
-0.000463,
-0.000466,
-0.036302,
-0.000001,
-0.004363,
-0.004101,
-0.004367,
-0.004573,
-0.004787,
-0.005001,
-0.005216,
-0.005432,
-0.005649,
0.029967,
-0.006556,
-0.002416,
-0.002901,
-0.002860,
-0.002878,
0.032943,
-0.003374,
0.000973,
0.000696,
0.000946,
0.001137,
0.001336,
0.001534,
0.001734,
0.001935,
0.002136,
0.002338,
0.002541,
-0.033088,
0.003421,
-0.000733,
-0.000262,
-0.000317,
-0.000312,
-0.000314,
-0.000315,
-0.000317,
-0.000318,
-0.000319,
-0.000321,
-0.000322,
-0.000323,
-0.000325,
-0.000326,
-0.000327,
-0.000329,
-0.000330,
-0.000331,
-0.000333,
-0.000334,
-0.000336,
-0.000337,
-0.000338,
0.035494,
-0.000812,
0.003545,
0.003280,
0.003541,
0.003742,
0.003952,
0.004162,
-0.031461,
0.005055,
0.000909,
0.001386,
0.001338,
0.001350,
-0.034479,
0.001831,
-0.002522,
-0.002252,
-0.002509,
-0.002707,
-0.002913,
-0.003118,
-0.003325,
0.032301,
-0.004212,
-0.000062,
-0.000536,
-0.000485,
-0.000493,
-0.000495,
0.035336,
-0.000971,
0.003386,
0.003120,
0.003380,
0.003581,
0.003790,
-0.031835,
0.004680,
0.000531,
0.001007,
0.000957,
0.000967,
-0.034863,
0.001445,
-0.002910,
-0.002642,
-0.002900,
-0.003100,
-0.003307,
-0.003514,
-0.003723,
0.031901,
-0.004613,
-0.000465,
-0.000941,
-0.000891,
-0.000901,
0.034929,
-0.001380,
0.002976,
0.002707,
0.002966,
0.003165,
0.003372,
0.003579,
0.003787,
-0.031837,
0.004677,
0.000529,
0.001005,
0.000955,
0.000965,
-0.034865,
0.001443,
-0.002912,
-0.002644,
-0.002902,
-0.003102,
-0.003309,
-0.003517,
-0.003725,
0.031899,
-0.004615,
-0.000467,
-0.000943,
-0.000893,
-0.000903,
0.034927,
-0.001382,
0.002973,
0.002705,
0.002963,
0.003163,
0.003370,
0.003577,
0.003785,
-0.031839,
0.004675,
0.000527,
0.001003,
0.000953,
0.000963,
-0.034867,
0.001441,
-0.002914,
-0.002646,
-0.002905,
-0.003104,
-0.003312,
-0.003519,
-0.003727,
0.031897,
-0.004618,
-0.000469,
-0.000945,
-0.000896,
-0.000906,
0.034924,
-0.001384,
0.002971,
0.002703,
0.002961,
0.003161,
0.003368,
0.003575,
0.003783,
-0.031841,
0.004673,
0.000525,
0.001001,
0.000951,
0.000960,
-0.034870,
0.001439,
-0.002917,
-0.002648,
-0.002907,
-0.003107,
-0.003314,
-0.003521,
-0.003729,
0.031895,
-0.004620,
-0.000471,
-0.000948,
-0.000898,
-0.000908,
0.034922,
-0.001386,
0.002969,
0.002700,
0.002959,
0.003158,
0.003365,
0.003573,
0.003781,
-0.031843,
0.004671,
0.000522,
0.000998,
0.000948,
0.000958,
-0.034872,
0.001436,
-0.002919,
-0.002651,
-0.002909,
-0.003109,
-0.003316,
-0.003523,
-0.003732,
0.031892,
-0.004622,
-0.000474,
-0.000950,
-0.000900,
-0.000910,
0.034920,
-0.001389,
0.002967,
0.002698,
0.002957,
0.003156,
0.003363,
0.003570,
0.003778,
-0.031846,
0.004669,
0.000520,
0.000996,
0.000946,
0.000956,
-0.034874,
0.001434,
-0.002921,
-0.002653,
-0.002911,
-0.003111,
-0.003318,
-0.003526,
-0.003734,
0.031890,
-0.004624,
-0.000476,
-0.000952,
-0.000902,
-0.000912,
0.034918,
-0.001391,
0.002964,
0.002696,
0.002954,
0.003154,
0.003361,
0.003568,
0.003776,
-0.031848,
0.004666,
0.000518,
0.000994,
0.000944,
0.000954,
-0.034876,
0.001432,
-0.002923,
-0.002655,
-0.002914,
-0.003113,
-0.003320,
-0.003528,
-0.003736,
0.031888,
-0.004626,
-0.000478,
-0.000954,
-0.000904,
-0.000914,
0.034915,
-0.001393,
0.002962,
0.002694,
0.002952,
0.003152,
0.003359,
0.003566,
0.003774,
-0.031850,
0.004664,
0.000516,
0.000992,
0.000942,
0.000951,
-0.034879,
0.001430,
-0.002926,
-0.002657,
-0.002916,
-0.003115,
-0.003323,
-0.003530,
-0.003738,
0.031886,
-0.004629,
-0.000480,
-0.000956,
-0.000907,
-0.000917,
0.034913,
-0.001395,
0.002960,
0.002692,
0.002950,
0.003149,
0.003356,
0.003564,
0.003772,
-0.031852,
0.004662,
0.000513,
0.000989,
0.000939,
0.000949,
-0.034881,
0.001428,
-0.002928,
-0.002660,
-0.002918,
-0.003118,
-0.003325,
-0.003532,
-0.003740,
0.031884,
-0.004631,
-0.000483,
-0.000959,
-0.000909,
-0.000919,
0.034911,
-0.001397,
0.002958,
0.002689,
0.002948,
0.003147,
0.003354,
0.003561,
0.003769,
-0.031855,
0.004660,
0.000511,
0.000987,
0.000937,
0.000947,
-0.034883,
0.001425,
-0.002930,
-0.002662,
-0.002920,
-0.003120,
-0.003327,
-0.003534,
-0.003743,
0.031881,
-0.004633,
-0.000485,
-0.000961,
-0.000911,
-0.000921,
0.034909,
-0.001400,
0.002955,
0.002687,
0.002945,
0.003145,
0.003352,
0.003559,
0.003767,
-0.031857,
0.004657,
0.000509,
0.000985,
0.000935,
0.000945,
-0.034885,
0.001423,
-0.002932,
-0.002664,
-0.002923,
-0.003122,
-0.003329,
-0.003537,
-0.003745,
0.031879,
-0.004635,
-0.000487,
-0.000963,
-0.000913,
-0.000923,
0.034907,
-0.001402,
0.002953,
0.002685,
0.002943,
0.003143,
0.003350,
0.003557,
0.003765,
-0.031859,
0.004655,
0.000507,
0.000983,
0.000933,
0.000943,
-0.034887,
0.001421,
-0.002934,
-0.002666,
-0.002925,
-0.003124,
-0.003332,
-0.003539,
-0.003747,
0.031877,
-0.004638,
-0.000489,
-0.000965,
-0.000916,
-0.000926,
0.034904,
-0.001404,
0.002951,
0.002683,
0.002941,
0.003140,
0.003348,
0.003555,
0.003763,
-0.031861,
0.004653,
0.000505,
0.000980,
0.000930,
0.000940,
-0.034890,
0.001419,
-0.002937,
-0.002668,
-0.002927,
-0.003127,
-0.003334,
-0.003541,
-0.003749,
0.031875,
-0.004640,
-0.000492,
-0.000968,
-0.000918,
-0.000928,
0.034902,
-0.001406,
0.002949,
0.002680,
0.002939,
0.003138,
0.003345,
0.003552,
0.003761,
-0.031864,
0.004651,
0.000502,
0.000978,
0.000928,
0.000938,
-0.034892,
0.001416,
-0.002939,
-0.002671,
-0.002929,
-0.003129,
-0.003336,
-0.003543,
-0.003752,
0.031872,
-0.004642,
-0.000494,
-0.000970,
-0.000920,
-0.000930,
0.034900,
-0.001409,
0.002947,
0.002678,
0.002937,
0.003136,
0.003343,
0.003550,
0.003758,
-0.031866,
0.004648,
0.000500,
0.000976,
0.000926,
0.000936,
-0.034894,
0.001414,
-0.002941,
-0.002673,
-0.002931,
-0.003131,
-0.003338,
-0.003546,
-0.003754,
0.031870,
-0.004644,
-0.000496,
-0.000972,
-0.000922,
-0.000932,
0.034898,
-0.001411,
0.002944,
0.002676,
0.002934,
0.003134,
0.003341,
0.003548,
0.003756,
-0.031868,
0.004646,
0.000498,
0.000974,
0.000924,
0.000934,
-0.034896,
0.001412,
-0.002943,
-0.002675,
-0.002934,
-0.003133,
-0.003341,
-0.003548,
-0.003756,
0.031868,
-0.004647,
-0.000498,
-0.000974,
-0.000925,
-0.000935,
0.034895,
-0.001413,
0.002942,
0.002674,
0.002932,
0.003132,
0.003339,
0.003546,
0.003754,
-0.031870,
0.004644,
0.000496
