0.000000,
0.000000,
0.000000,
0.000000,
0.000000,
0.000000,
0.000000,
0.000000,
0.000000,
0.000000,
0.000000,
0.000000,
0.000000,
0.000000,
0.000000,
0.000000,
0.000000,
0.000000,
0.000000,
0.000000,
0.000000,
0.000000,
0.000000,
0.000000,
0.000000,
0.000000,
0.000000,
0.000000,
0.000000,
0.000000,
0.000000,
0.000000,
0.000000,
0.000000,
0.000000,
0.000000,
0.000000,
0.000000,
0.000000,
0.000000,
0.000000,
0.000000,
0.000000,
0.000000,
0.000000,
0.000000,
0.000000,
0.000000,
0.000000,
0.000000,
0.000000,
0.000000,
0.000000,
0.000000,
0.000000,
0.000000,
0.000000,
0.000000,
0.000000,
0.000000,
0.000000,
0.000000,
0.000000,
0.000000,
0.000000,
0.000000,
0.000000,
0.000000,
0.000000,
0.000000,
0.000000,
0.000000,
0.000000,
0.000000,
0.000000,
0.000000,
0.000000,
0.000000,
0.000000,
0.000000,
0.000000,
0.000000,
0.000000,
0.000000,
0.000000,
0.000000,
0.000000,
0.000000,
0.000000,
0.000000,
0.000000,
0.000000,
0.000000,
0.000000,
0.000000,
0.000000,
0.000000,
0.000000,
0.000000,
0.000000,
0.000000,
0.000000,
0.000000,
0.000000,
0.000000,
0.000000,
0.000000,
0.000000,
0.000000,
0.000000,
0.000000,
0.000000,
0.000000,
0.000000,
0.000000,
0.000000,
0.000000,
0.000000,
0.000000,
0.000000,
0.000000,
0.000000,
0.000000,
0.000000,
0.000000,
0.000000,
0.000000,
0.000000,
0.000000,
0.000000,
0.000000,
0.000000,
0.000000,
0.000000,
0.000000,
0.000000,
0.000000,
0.000000,
0.000000,
0.000000,
0.000000,
0.000000,
0.000000,
0.000000,
0.000000,
0.000000,
0.000000,
0.000000,
0.000000,
0.000000,
0.000000,
0.000000,
0.000000,
0.000000,
0.000000,
0.000000,
0.000000,
0.000000,
0.000000,
0.000000,
0.098455,
0.095418,
0.092252,
0.089213,
0.086308,
0.083303,
0.080692,
0.077750,
0.075217,
0.072607,
0.070172,
0.067912,
0.065586,
0.063444,
0.061724,
0.059695,
0.058093,
0.056664,
0.055166,
0.053842,
0.052927,
0.051928,
0.051088,
0.050158,
0.049621,
0.049221,
0.048711,
0.048571,
0.048304,
0.048392,
0.048336,
0.048617,
0.048737,
0.048936,
0.049446,
0.049769,
0.050144,
0.050803,
0.051249,
0.051722,
0.052454,
0.052948,
0.053444,
0.054176,
0.054647,
0.055339,
0.055757,
0.056383,
0.056963,
0.057250,
0.057728,
0.058144,
0.058493,
0.058772,
0.058977,
0.059104,
0.059151,
0.059115,
0.059235,
0.059021,
0.058719,
0.058569,
0.058083,
0.057748,
0.057317,
0.056792,
0.056172,
0.055461,
0.054658,
0.053768,
0.052791,
0.051972,
0.050824,
0.049599,
0.048541,
0.047406,
0.045956,
0.044685,
0.043348,
0.041950,
0.040496,
0.038989,
0.037676,
0.036072,
0.034430,
0.032995,
0.031284,
0.029790,
0.028269,
0.026487,
0.024935,
0.023372,
0.021800,
0.020226,
0.018652,
0.017083,
0.015764,
0.014211,
0.012674,
0.011399,
0.009899,
0.008668,
0.007219,
0.006044,
0.004897,
0.003542,
0.002467,
0.001429,
0.000427,
-0.000534,
-0.001455,
-0.002334,
-0.003169,
-0.003960,
-0.004465,
-0.005172,
-0.005834,
-0.006208,
-0.006783,
-0.007312,
-0.007554,
-0.007998,
-0.008157,
-0.008518,
-0.008596,
-0.008878,
-0.008878,
-0.008845,
-0.008780,
-0.008924,
-0.008791,
-0.008631,
-0.008444,
-0.008473,
-0.008231,
-0.007967,
-0.007684,
-0.007383,
-0.007066,
-0.006734,
-0.006390,
-0.006035,
-0.005911,
-0.005531,
-0.005146,
-0.004757,
-0.004366,
-0.003974,
-0.003343,
-0.002961,
-0.002584,
-0.002211,
-0.001844,
-0.001485,
-0.001134,
-0.000793,
-0.000462,
-0.000143,
0.000163,
0.000456,
0.000735,
0.000999,
0.001248,
0.001722,
0.001931,
0.002125,
0.002301,
0.002462,
0.002605,
0.002731,
0.002841,
0.002934,
0.003010,
0.003071,
0.003115,
0.003143,
0.003156,
0.003154,
0.003137,
0.003347,
0.003296,
0.003232,
0.003156,
0.003069,
0.002972,
0.002864,
0.002748,
0.002623,
0.002490,
0.002351,
0.001965,
0.001821,
0.001673,
0.001520,
0.001364,
0.001205,
0.001044,
0.000881,
0.000718,
0.000555,
0.000393,
0.000231,
0.000072,
-0.000325,
-0.000472,
-0.000616,
-0.000756,
-0.000892,
-0.001023,
-0.001150,
-0.001272,
-0.001628,
-0.001731,
-0.001828,
-0.001919,
-0.002004,
-0.002324,
-0.002389,
-0.002448,
-0.002500,
-0.002547,
-0.002828,
-0.002854,
-0.002875,
-0.002890,
-0.002900,
-0.003144,
-0.003135,
-0.003122,
-0.003103,
-0.003321,
-0.003286,
-0.003248,
-0.003207,
-0.003402,
-0.003347,
-0.003289,
-0.003230,
-0.003408,
-0.003338,
-0.003267,
-0.003195,
-0.003363,
-0.003283,
-0.003204,
-0.003126,
-0.003289,
-0.003205,
-0.003124,
-0.003045,
-0.003208,
-0.003126,
-0.003048,
-0.003213,
-0.003133,
-0.003058,
-0.002987,
-0.003160,
-0.003090,
-0.003025,
-0.002965,
-0.003150,
-0.003092,
-0.003039,
-0.002992,
-0.003191,
-0.003147,
-0.003109,
-0.003077,
-0.003290,
-0.003261,
-0.003238,
-0.003220,
-0.003449,
-0.003434,
-0.003426,
-0.003422,
-0.003665,
-0.003664,
-0.003669,
-0.003678,
-0.003933,
-0.003945,
-0.003961,
-0.003981,
-0.004006,
-0.004275,
-0.004300,
-0.004329,
-0.004361,
-0.004397,
-0.004676,
-0.004710,
-0.004747,
-0.004787,
-0.004829,
-0.004873,
-0.005159,
-0.005199,
-0.005241,
-0.005285,
-0.005329,
-0.005375,
-0.005422,
-0.005709,
-0.005750,
-0.005790,
-0.005831,
-0.005873,
-0.005914,
-0.005955,
-0.006236,
-0.006269,
-0.006302,
-0.006334,
-0.006365,
-0.006396,
-0.006427,
-0.006456,
-0.006484,
-0.006511,
-0.006778,
-0.006796,
-0.006812,
-0.006828,
-0.006843,
-0.006856,
-0.006869,
-0.006880,
-0.006891,
-0.006900,
-0.006908,
-0.006915,
-0.006921,
-0.006926,
-0.006930,
-0.006933,
-0.007175,
-0.007168,
-0.007161,
-0.007152,
-0.007144,
-0.007135,
-0.007125,
-0.007115,
-0.007104,
-0.007093,
-0.007082,
-0.007071,
-0.007059,
-0.007048,
-0.007036,
-0.007024,
-0.007012,
-0.007000,
-0.006989,
-0.006977,
-0.006966,
-0.006955,
-0.006944,
-0.006933,
-0.006923,
-0.006913,
-0.006904,
-0.006895,
-0.006886,
-0.006638,
-0.006637,
-0.006637,
-0.006637,
-0.006638,
-0.006638,
-0.006639,
-0.006640,
-0.006641,
-0.006642,
-0.006643,
-0.006645,
-0.006646,
-0.006648,
-0.006650,
-0.006652,
-0.006654,
-0.006656,
-0.006658,
-0.006660,
-0.006663,
-0.006665,
-0.006427,
-0.006437,
-0.006446,
-0.006455,
-0.006464,
-0.006473,
-0.006481,
-0.006489,
-0.006496,
-0.006503,
-0.006509,
-0.006515,
-0.006521,
-0.006526,
-0.006531,
-0.006294,
-0.006306,
-0.006316,
-0.006325,
-0.006334,
-0.006342,
-0.006350,
-0.006356,
-0.006362,
-0.006366,
-0.006370,
-0.006374,
-0.006376,
-0.006378,
-0.006139,
-0.006146,
-0.006153,
-0.006159,
-0.006163,
-0.006167,
-0.006170,
-0.006172,
-0.006173,
-0.006173,
-0.006173,
-0.006171,
-0.006169,
-0.005926,
-0.005929,
-0.005932,
-0.005934,
-0.005935,
-0.005935,
-0.005934,
-0.005932,
-0.005930,
-0.005927,
-0.005923,
-0.005918,
-0.005672,
-0.005674,
-0.005674,
-0.005674,
-0.005673,
-0.005671,
-0.005669,
-0.005666,
-0.005662,
-0.005657,
-0.005652,
-0.005647,
-0.005400,
-0.005401,
-0.005401,
-0.005400,
-0.005399,
-0.005397,
-0.005395,
-0.005392,
-0.005388,
-0.005384,
-0.005379,
-0.005374,
-0.005128,
-0.005130,
-0.005130,
-0.005131,
-0.005130,
-0.005129,
-0.005128,
-0.005126,
-0.005123,
-0.005120,
-0.005117,
-0.004873,
-0.004876,
-0.004878,
-0.004880,
-0.004882,
-0.004882,
-0.004882,
-0.004882,
-0.004881,
-0.004879,
-0.004877,
-0.004875,
-0.004631,
-0.004635,
-0.004639,
-0.004641,
-0.004643,
-0.004644,
-0.004645,
-0.004645,
-0.004645,
-0.004644,
-0.004642,
-0.004640,
-0.004397,
-0.004401,
-0.004404,
-0.004407,
-0.004409,
-0.004411,
-0.004411,
-0.004411,
-0.004411,
-0.004410,
-0.004408,
-0.004406,
-0.004162,
-0.004166,
-0.004170,
-0.004172,
-0.004174,
-0.004175,
-0.004175,
-0.004175,
-0.004174,
-0.004173,
-0.004170,
-0.004168,
-0.004164,
-0.003920,
-0.003923,
-0.003925,
-0.003927,
-0.003928,
-0.003928,
-0.003928,
-0.003927,
-0.003925,
-0.003923,
-0.003920,
-0.003917,
-0.003673,
-0.003676,
-0.003678,
-0.003680,
-0.003681,
-0.003681,
-0.003680,
-0.003680,
-0.003678,
-0.003676,
-0.003673,
-0.003670,
-0.003666,
-0.003421,
-0.003424,
-0.003426,
-0.003428,
-0.003428,
-0.003429,
-0.003428,
-0.003427,
-0.003425,
-0.003423,
-0.003420,
-0.003417,
-0.003414,
-0.003169,
-0.003172,
-0.003174,
-0.003176,
-0.003177,
-0.003177,
-0.003177,
-0.003176,
-0.003175,
-0.003173,
-0.003170,
-0.003168,
-0.003164,
-0.002920,
-0.002923,
-0.002926,
-0.002928,
-0.002929,
-0.002930,
-0.002930,
-0.002930,
-0.002929,
-0.002927,
-0.002925,
-0.002923,
-0.002920,
-0.002916,
-0.002672,
-0.002675,
-0.002678,
-0.002680,
-0.002681,
-0.002682,
-0.002682,
-0.002682,
-0.002681,
-0.002679,
-0.002677,
-0.002675,
-0.002672,
-0.002669,
-0.002425,
-0.002428,
-0.002431,
-0.002433,
-0.002434,
-0.002435,
-0.002435,
-0.002435,
-0.002434,
-0.002433,
-0.002431,
-0.002429,
-0.002426,
-0.002423,
-0.002420,
-0.002176,
-0.002179,
-0.002181,
-0.002183,
-0.002185,
-0.002185,
-0.002186,
-0.002185,
-0.002185,
-0.002183,
-0.002182,
-0.002180,
-0.002177,
-0.002174,
-0.002170,
-0.002167,
-0.001922,
-0.001925,
-0.001928,
-0.100384,
-0.097348,
-0.094184,
-0.091145,
-0.088240,
-0.085235,
-0.082382,
-0.079686,
-0.077151,
-0.074539,
-0.072100,
-0.069596,
-0.067515,
-0.065368,
-0.063403,
-0.061617,
-0.060009,
-0.058334,
-0.056837,
-0.055755,
-0.054593,
-0.053594,
-0.052753,
-0.051823,
-0.051285,
-0.050884,
-0.050372,
-0.050230,
-0.049962,
-0.050047,
-0.049988,
-0.050025,
-0.050150,
-0.050593,
-0.050858,
-0.051183,
-0.051801,
-0.052215,
-0.052663,
-0.053137,
-0.053870,
-0.054364,
-0.054861,
-0.055592,
-0.056063,
-0.056754,
-0.057171,
-0.057795,
-0.058132,
-0.058665,
-0.059140,
-0.059312,
-0.059666,
-0.059948,
-0.060156,
-0.060286,
-0.060335,
-0.060541,
-0.060414,
-0.060200,
-0.060139,
-0.059742,
-0.059496,
-0.058913,
-0.058481,
-0.057955,
-0.057334,
-0.056621,
-0.055817,
-0.054924,
-0.053945,
-0.052883,
-0.051980,
-0.050752,
-0.049691,
-0.048311,
-0.047106,
-0.045830,
-0.044489,
-0.043087,
-0.041627,
-0.040116,
-0.038557,
-0.036956,
-0.035316,
-0.033883,
-0.032174,
-0.030681,
-0.029162,
-0.027381,
-0.025830,
-0.024267,
-0.022695,
-0.021120,
-0.019546,
-0.017977,
-0.016417,
-0.014870,
-0.013579,
-0.012061,
-0.010808,
-0.009333,
-0.008129,
-0.006710,
-0.005567,
-0.004455,
-0.003376,
-0.002093,
-0.001094,
-0.000135,
0.000785,
0.001662,
0.002496,
0.003046,
0.003798,
0.004506,
0.005167,
0.005541,
0.006117,
0.006647,
0.006891,
0.007336,
0.007496,
0.007860,
0.007940,
0.008224,
0.008227,
0.008197,
0.008375,
0.008275,
0.008145,
0.008229,
0.008038,
0.007823,
0.007585,
0.007327,
0.007288,
0.006985,
0.006665,
0.006331,
0.005985,
0.005629,
0.005263,
0.004890,
0.004511,
0.004129,
0.003744,
0.003359,
0.002974,
0.002591,
0.002212,
0.001839,
0.001471,
0.001111,
0.000760,
0.000418,
0.000087,
-0.000232,
-0.000538,
-0.000831,
-0.001109,
-0.001373,
-0.001621,
-0.001854,
-0.002070,
-0.002270,
-0.002693,
-0.002851,
-0.002993,
-0.003117,
-0.003224,
-0.003315,
-0.003389,
-0.003447,
-0.003488,
-0.003514,
-0.003524,
-0.003520,
-0.003501,
-0.003467,
-0.003421,
-0.003362,
-0.003290,
-0.003207,
-0.003113,
-0.003009,
-0.002896,
-0.002774,
-0.002644,
-0.002507,
-0.002363,
-0.002213,
-0.002059,
-0.001901,
-0.001739,
-0.001334,
-0.001174,
-0.001014,
-0.000852,
-0.000690,
-0.000529,
-0.000368,
-0.000210,
-0.000053,
0.000341,
0.000484,
0.000624,
0.000760,
0.000891,
0.001018,
0.001380,
0.001489,
0.001593,
0.001691,
0.001783,
0.001869,
0.002190,
0.002256,
0.002317,
0.002371,
0.002419,
0.002701,
0.002730,
0.002752,
0.002769,
0.003021,
0.003020,
0.003013,
0.003002,
0.003226,
0.003198,
0.003166,
0.003130,
0.003331,
0.003282,
0.003229,
0.003174,
0.003358,
0.003291,
0.003224,
0.003396,
0.003320,
0.003243,
0.003167,
0.003331,
0.003249,
0.003167,
0.003088,
0.003250,
0.003167,
0.003087,
0.003249,
0.003167,
0.003089,
0.003014,
0.003183,
0.003109,
0.003039,
0.002974,
0.003154,
0.003090,
0.003032,
0.003220,
0.003165,
0.003115,
0.003071,
0.003273,
0.003233,
0.003198,
0.003169,
0.003386,
0.003361,
0.003342,
0.003328,
0.003561,
0.003550,
0.003546,
0.003546,
0.003792,
0.003796,
0.003804,
0.003818,
0.003836,
0.004099,
0.004118,
0.004141,
0.004169,
0.004441,
0.004468,
0.004500,
0.004534,
0.004572,
0.004612,
0.004896,
0.004934,
0.004975,
0.005018,
0.005062,
0.005349,
0.005390,
0.005432,
0.005475,
0.005520,
0.005565,
0.005611,
0.005898,
0.005937,
0.005977,
0.006017,
0.006057,
0.006097,
0.006137,
0.006417,
0.006448,
0.006479,
0.006509,
0.006539,
0.006568,
0.006596,
0.006624,
0.006650,
0.006675,
0.006940,
0.006956,
0.006970,
0.006984,
0.006997,
0.007008,
0.007019,
0.007029,
0.007037,
0.007045,
0.007051,
0.007057,
0.007061,
0.007065,
0.007067,
0.007069,
0.007310,
0.007302,
0.007293,
0.007284,
0.007275,
0.007265,
0.007254,
0.007244,
0.007232,
0.007221,
0.007210,
0.007198,
0.007186,
0.007174,
0.007163,
0.007151,
0.007139,
0.007128,
0.007116,
0.007105,
0.007094,
0.007083,
0.007073,
0.007063,
0.007054,
0.007044,
0.007036,
0.007027,
0.006779,
0.006779,
0.006779,
0.006780,
0.006780,
0.006781,
0.006782,
0.006783,
0.006785,
0.006786,
0.006788,
0.006790,
0.006792,
0.006794,
0.006796,
0.006798,
0.006801,
0.006803,
0.006805,
0.006808,
0.006810,
0.006813,
0.006815,
0.006578,
0.006588,
0.006597,
0.006607,
0.006616,
0.006624,
0.006632,
0.006640,
0.006648,
0.006655,
0.006661,
0.006667,
0.006673,
0.006678,
0.006682,
0.006446,
0.006457,
0.006467,
0.006477,
0.006485,
0.006493,
0.006500,
0.006506,
0.006512,
0.006516,
0.006520,
0.006523,
0.006526,
0.006287,
0.006295,
0.006302,
0.006308,
0.006313,
0.006318,
0.006321,
0.006323,
0.006325,
0.006325,
0.006325,
0.006323,
0.006321,
0.006078,
0.006082,
0.006085,
0.006087,
0.006088,
0.006088,
0.006087,
0.006085,
0.006082,
0.006079,
0.006075,
0.006070,
0.005824,
0.005826,
0.005826,
0.005826,
0.005825,
0.005823,
0.005820,
0.005817,
0.005813,
0.005808,
0.005802,
0.005797,
0.005550,
0.005550,
0.005550,
0.005549,
0.005548,
0.005545,
0.005543,
0.005539,
0.005535,
0.005531,
0.005526,
0.005521,
0.005274,
0.005276,
0.005276,
0.005276,
0.005276,
0.005275,
0.005273,
0.005271,
0.005268,
0.005265,
0.005261,
0.005017,
0.005020,
0.005022,
0.005024,
0.005025,
0.005026,
0.005026,
0.005026,
0.005025,
0.005023,
0.005021,
0.005018,
0.004775,
0.004779,
0.004782,
0.004785,
0.004787,
0.004788,
0.004789,
0.004789,
0.004789,
0.004788,
0.004786,
0.004544,
0.004548,
0.004553,
0.004556,
0.004558,
0.004560,
0.004562,
0.004562,
0.004562,
0.004561,
0.004560,
0.004558,
0.004315,
0.004319,
0.004322,
0.004325,
0.004327,
0.004328,
0.004329,
0.004329,
0.004328,
0.004326,
0.004324,
0.004321,
0.004077,
0.004081,
0.004083,
0.004085,
0.004086,
0.004087,
0.004087,
0.004086,
0.004084,
0.004082,
0.004079,
0.004075,
0.003831,
0.003834,
0.003836,
0.003837,
0.003838,
0.003838,
0.003837,
0.003836,
0.003834,
0.003831,
0.003828,
0.003824,
0.003580,
0.003582,
0.003584,
0.003585,
0.003586,
0.003586,
0.003585,
0.003584,
0.003582,
0.003579,
0.003576,
0.003572,
0.003568,
0.003323,
0.003326,
0.003327,
0.003329,
0.003329,
0.003329,
0.003328,
0.003327,
0.003325,
0.003323,
0.003320,
0.003316,
0.003312,
0.003068,
0.003071,
0.003073,
0.003074,
0.003075,
0.003075,
0.003075,
0.003074,
0.003073,
0.003071,
0.003069,
0.003066,
0.003063,
0.002819,
0.002822,
0.002825,
0.002827,
0.002828,
0.002829,
0.002829,
0.002829,
0.002828,
0.002827,
0.002825,
0.002823,
0.002820,
0.002817,
0.002573,
0.002576,
0.002579,
0.002581,
0.002582,
0.002583,
0.002584,
0.002583,
0.002583,
0.002581,
0.002580,
0.002577,
0.002575,
0.002571,
0.002568,
0.002323,
0.002327,
0.002329,
0.002331,
0.002332,
0.002333,
0.002333,
0.002333,
0.002332,
0.002331,
0.002329,
0.002327,
0.002324,
0.002321,
0.002318,
0.002073,
0.002077,
0.002079,
0.002081,
0.002083,
0.002084,
0.002084,
0.002084,
0.002084,
0.002082,
0.002081,
0.002079,
0.002076,
0.002074,
0.002070,
0.002067,
0.001823,
0.001826,
0.001828,
0.001831,
0.001832,
0.001833,
0.001834,
0.001834,
0.001833,
0.001832,
0.001831,
0.001829,
0.001827,
0.001824,
0.001821,
0.001818,
0.001814,
0.001570,
0.001573,
0.001576,
0.001578,
0.001580,
0.001581,
0.001582,
0.001582,
0.001582,
0.001581,
0.001580,
0.001578,
0.001576,
0.001574,
0.001571,
0.001568,
0.001565,
0.001561,
0.001558,
0.001553,
0.001309,
0.001312,
0.001314,
0.001316,
0.001318,
0.001319,
0.001320,
0.001320,
0.001320,
0.001320,
0.001319,
0.001318,
0.001316,
0.001314,
0.001312,
0.001310,
0.001307,
0.001304,
0.001301,
0.001297,
0.001294,
0.001050,
0.001053,
0.001056,
0.001059,
0.001061,
0.001063,
0.001065,
0.001066,
0.001066,
0.001067,
0.001067,
0.001066,
0.001066,
0.001065,
0.001063,
0.001062,
0.001060,
0.001058,
0.001055,
0.001053,
0.001050,
0.001047,
0.001043,
0.001040,
0.001036,
0.000792,
0.000796,
0.000799,
0.000802,
0.000805,
0.000807,
0.000809,
0.000810,
0.000811,
0.000812,
0.000813,
0.000813,
0.000813,
0.000812,
0.000811,
0.000810,
0.000809,
0.000807,
0.000806,
0.000804,
0.000801,
0.000799,
0.000796,
0.000793,
0.000790,
0.000787,
0.000784,
0.000781,
0.000537,
0.000541,
0.000545,
0.000548,
0.000551,
0.000553,
0.000556,
0.000558,
0.000559,
0.000561,
0.000561,
0.000562,
0.000562,
0.000563,
0.000562,
0.000562,
0.000561,
0.000560,
0.000559,
0.000557,
0.000555,
0.000553,
0.000551,
0.000549,
0.000546,
0.000544,
0.000541,
0.000538,
0.000535,
0.000532,
0.000529,
0.000526,
0.000522,
0.000519,
0.000516,
0.000513,
0.000509,
0.000266,
0.000270,
0.000274,
0.000277,
0.000281,
0.000284,
0.000287
