0.000000,
0.000000,
0.000000,
0.000000,
0.000000,
0.000000,
0.000000,
0.000000,
0.000000,
0.000000,
0.000000,
0.000000,
0.000000,
0.000000,
0.000000,
0.000000,
0.000000,
0.000000,
0.000000,
0.000000,
0.000000,
0.000000,
0.000000,
0.000000,
0.000000,
0.000000,
0.000000,
0.000000,
0.000000,
0.000000,
0.000000,
0.000000,
0.000000,
0.000000,
0.000000,
0.000000,
0.000000,
0.000000,
0.000000,
0.000000,
0.000000,
0.000000,
0.000000,
0.000000,
0.000000,
0.000000,
0.000000,
0.000000,
0.000000,
0.000000,
0.000000,
0.000000,
0.000000,
0.000000,
0.000000,
0.000000,
0.000000,
0.000000,
0.000000,
0.000000,
0.000000,
0.000000,
0.000000,
0.000000,
0.000000,
0.000000,
0.000000,
0.000000,
0.000000,
0.000000,
0.000000,
0.000000,
0.000000,
0.000000,
0.000000,
0.000000,
0.000000,
0.000000,
0.000000,
0.000000,
0.000000,
0.000000,
0.000000,
0.000000,
0.000000,
0.000000,
0.000000,
0.000000,
0.000000,
0.000000,
0.000000,
0.000000,
0.000000,
0.000000,
0.000000,
0.000000,
0.000000,
0.000000,
0.000000,
0.000000,
0.000000,
0.000000,
0.000000,
0.000000,
0.000000,
0.000000,
0.000000,
0.000000,
0.000000,
0.000000,
0.000000,
0.000000,
0.000000,
0.000000,
0.000000,
0.000000,
0.000000,
0.000000,
0.000000,
0.000000,
0.000000,
0.000000,
0.000000,
0.000000,
0.000000,
0.000000,
0.000000,
0.000000,
0.000000,
0.000000,
0.000000,
0.000000,
0.000000,
0.000000,
0.000000,
0.000000,
0.000000,
0.000000,
0.000000,
0.000000,
0.000000,
0.000000,
0.000000,
0.000000,
0.000000,
0.000000,
0.000000,
0.000000,
0.000000,
0.000000,
0.000000,
0.000000,
0.000000,
0.000000,
0.000000,
0.000000,
0.000000,
0.000000,
0.000000,
0.000000,
0.098152,
0.094534,
0.090840,
0.087333,
0.084024,
0.080682,
0.077804,
0.074669,
0.072019,
0.069368,
0.066967,
0.064815,
0.062673,
0.060785,
0.059387,
0.057746,
0.056592,
0.055668,
0.054726,
0.054005,
0.053733,
0.053410,
0.053273,
0.053070,
0.053275,
0.053625,
0.053867,
0.054475,
0.054945,
0.055751,
0.056390,
0.057335,
0.058085,
0.058873,
0.059926,
0.060741,
0.061554,
0.062593,
0.063356,
0.064082,
0.064999,
0.065609,
0.066151,
0.066856,
0.067229,
0.067750,
0.067926,
0.068238,
0.068434,
0.068271,
0.068233,
0.068071,
0.067782,
0.067366,
0.066823,
0.066155,
0.065362,
0.064448,
0.063653,
0.062495,
0.061225,
0.060087,
0.058599,
0.057254,
0.055808,
0.054270,
0.052644,
0.050938,
0.049158,
0.047313,
0.045409,
0.043694,
0.041686,
0.039641,
0.037808,
0.035943,
0.033816,
0.031922,
0.030018,
0.028113,
0.026211,
0.024320,
0.022686,
0.020826,
0.018994,
0.017435,
0.015665,
0.014179,
0.012730,
0.011083,
0.009731,
0.008426,
0.007173,
0.005973,
0.004829,
0.003742,
0.002952,
0.001973,
0.001055,
0.000436,
-0.000372,
-0.000879,
-0.001576,
-0.001975,
-0.002326,
-0.002868,
-0.003117,
-0.003322,
-0.003485,
-0.003608,
-0.003694,
-0.003744,
-0.003761,
-0.003747,
-0.003466,
-0.003407,
-0.003326,
-0.002985,
-0.002874,
-0.002748,
-0.002369,
-0.002229,
-0.001840,
-0.001695,
-0.001307,
-0.001166,
-0.000785,
-0.000417,
-0.000061,
0.000040,
0.000373,
0.000689,
0.000986,
0.001023,
0.001289,
0.001533,
0.001754,
0.001954,
0.002130,
0.002283,
0.002413,
0.002520,
0.002365,
0.002437,
0.002485,
0.002513,
0.002519,
0.002505,
0.002711,
0.002650,
0.002572,
0.002478,
0.002369,
0.002246,
0.002111,
0.001964,
0.001807,
0.001641,
0.001468,
0.001288,
0.001102,
0.000913,
0.000722,
0.000768,
0.000565,
0.000364,
0.000164,
-0.000032,
-0.000224,
-0.000411,
-0.000592,
-0.000766,
-0.000933,
-0.001092,
-0.001242,
-0.001383,
-0.001514,
-0.001635,
-0.001746,
-0.001607,
-0.001705,
-0.001792,
-0.001868,
-0.001932,
-0.001986,
-0.002028,
-0.002059,
-0.002079,
-0.002089,
-0.002089,
-0.002319,
-0.002291,
-0.002255,
-0.002210,
-0.002158,
-0.002099,
-0.002034,
-0.001964,
-0.001888,
-0.001808,
-0.001724,
-0.001636,
-0.001547,
-0.001694,
-0.001592,
-0.001489,
-0.001387,
-0.001285,
-0.001184,
-0.001085,
-0.000989,
-0.001134,
-0.001034,
-0.000939,
-0.000847,
-0.000760,
-0.000918,
-0.000832,
-0.000753,
-0.000679,
-0.000612,
-0.000791,
-0.000728,
-0.000672,
-0.000623,
-0.000580,
-0.000785,
-0.000748,
-0.000719,
-0.000696,
-0.000920,
-0.000903,
-0.000893,
-0.000889,
-0.001132,
-0.001132,
-0.001139,
-0.001153,
-0.001411,
-0.001427,
-0.001449,
-0.001476,
-0.001747,
-0.001774,
-0.001806,
-0.001843,
-0.002123,
-0.002157,
-0.002196,
-0.002238,
-0.002522,
-0.002560,
-0.002601,
-0.002883,
-0.002920,
-0.002958,
-0.002997,
-0.003278,
-0.003312,
-0.003347,
-0.003382,
-0.003659,
-0.003687,
-0.003716,
-0.003745,
-0.004015,
-0.004036,
-0.004058,
-0.004080,
-0.004341,
-0.004355,
-0.004368,
-0.004382,
-0.004635,
-0.004640,
-0.004645,
-0.004651,
-0.004897,
-0.004894,
-0.004892,
-0.004890,
-0.005129,
-0.005120,
-0.005111,
-0.005104,
-0.005097,
-0.005331,
-0.005318,
-0.005306,
-0.005295,
-0.005286,
-0.005518,
-0.005502,
-0.005488,
-0.005476,
-0.005466,
-0.005458,
-0.005691,
-0.005677,
-0.005665,
-0.005655,
-0.005648,
-0.005642,
-0.005639,
-0.005876,
-0.005868,
-0.005861,
-0.005857,
-0.005854,
-0.005854,
-0.005856,
-0.006099,
-0.006095,
-0.006094,
-0.006094,
-0.006097,
-0.006101,
-0.006107,
-0.006115,
-0.006124,
-0.006135,
-0.006387,
-0.006391,
-0.006397,
-0.006404,
-0.006413,
-0.006423,
-0.006434,
-0.006446,
-0.006459,
-0.006473,
-0.006487,
-0.006502,
-0.006518,
-0.006534,
-0.006550,
-0.006566,
-0.006823,
-0.006830,
-0.006838,
-0.006846,
-0.006855,
-0.006863,
-0.006872,
-0.006880,
-0.006889,
-0.006897,
-0.006906,
-0.006914,
-0.006922,
-0.006930,
-0.006937,
-0.006944,
-0.006951,
-0.006958,
-0.006964,
-0.006970,
-0.006975,
-0.006980,
-0.006985,
-0.006989,
-0.006992,
-0.006995,
-0.006998,
-0.007000,
-0.007002,
-0.006764,
-0.006773,
-0.006782,
-0.006790,
-0.006797,
-0.006804,
-0.006809,
-0.006814,
-0.006817,
-0.006820,
-0.006822,
-0.006823,
-0.006824,
-0.006824,
-0.006822,
-0.006821,
-0.006818,
-0.006815,
-0.006811,
-0.006807,
-0.006802,
-0.006797,
-0.006552,
-0.006555,
-0.006557,
-0.006559,
-0.006559,
-0.006559,
-0.006559,
-0.006558,
-0.006556,
-0.006554,
-0.006551,
-0.006548,
-0.006544,
-0.006540,
-0.006535,
-0.006291,
-0.006294,
-0.006297,
-0.006300,
-0.006302,
-0.006303,
-0.006303,
-0.006303,
-0.006302,
-0.006301,
-0.006300,
-0.006297,
-0.006295,
-0.006292,
-0.006049,
-0.006054,
-0.006058,
-0.006061,
-0.006064,
-0.006066,
-0.006068,
-0.006069,
-0.006069,
-0.006068,
-0.006067,
-0.006066,
-0.006063,
-0.005821,
-0.005827,
-0.005831,
-0.005835,
-0.005838,
-0.005841,
-0.005842,
-0.005843,
-0.005843,
-0.005842,
-0.005841,
-0.005839,
-0.005596,
-0.005602,
-0.005606,
-0.005610,
-0.005613,
-0.005615,
-0.005616,
-0.005616,
-0.005615,
-0.005613,
-0.005611,
-0.005608,
-0.005365,
-0.005369,
-0.005373,
-0.005376,
-0.005377,
-0.005378,
-0.005378,
-0.005377,
-0.005375,
-0.005373,
-0.005369,
-0.005365,
-0.005121,
-0.005125,
-0.005127,
-0.005129,
-0.005130,
-0.005130,
-0.005129,
-0.005128,
-0.005125,
-0.005122,
-0.005118,
-0.004874,
-0.004878,
-0.004881,
-0.004883,
-0.004884,
-0.004884,
-0.004884,
-0.004882,
-0.004880,
-0.004877,
-0.004874,
-0.004870,
-0.004625,
-0.004629,
-0.004631,
-0.004633,
-0.004634,
-0.004634,
-0.004633,
-0.004632,
-0.004630,
-0.004627,
-0.004623,
-0.004619,
-0.004375,
-0.004378,
-0.004381,
-0.004383,
-0.004384,
-0.004384,
-0.004384,
-0.004383,
-0.004381,
-0.004378,
-0.004375,
-0.004371,
-0.004127,
-0.004131,
-0.004134,
-0.004137,
-0.004138,
-0.004139,
-0.004139,
-0.004138,
-0.004136,
-0.004134,
-0.004131,
-0.004127,
-0.004123,
-0.003879,
-0.003883,
-0.003886,
-0.003888,
-0.003889,
-0.003890,
-0.003890,
-0.003889,
-0.003887,
-0.003885,
-0.003882,
-0.003879,
-0.003635,
-0.003640,
-0.003643,
-0.003646,
-0.003648,
-0.003649,
-0.003649,
-0.003648,
-0.003647,
-0.003645,
-0.003643,
-0.003640,
-0.003636,
-0.003392,
-0.003396,
-0.003399,
-0.003402,
-0.003403,
-0.003404,
-0.003404,
-0.003403,
-0.003402,
-0.003400,
-0.003397,
-0.003394,
-0.003390,
-0.003146,
-0.003150,
-0.003153,
-0.003155,
-0.003157,
-0.003157,
-0.003157,
-0.003157,
-0.003155,
-0.003153,
-0.003150,
-0.003147,
-0.003143,
-0.002899,
-0.002903,
-0.002906,
-0.002909,
-0.002910,
-0.002911,
-0.002911,
-0.002911,
-0.002909,
-0.002907,
-0.002905,
-0.002902,
-0.002898,
-0.002894,
-0.002649,
-0.002653,
-0.002656,
-0.002658,
-0.002660,
-0.002660,
-0.002661,
-0.002660,
-0.002659,
-0.002657,
-0.002654,
-0.002651,
-0.002647,
-0.002643,
-0.002399,
-0.002403,
-0.002407,
-0.002409,
-0.002411,
-0.002412,
-0.002412,
-0.002412,
-0.002411,
-0.002409,
-0.002407,
-0.002404,
-0.002401,
-0.002398,
-0.002393,
-0.002149,
-0.002153,
-0.002156,
-0.002159,
-0.002161,
-0.002162,
-0.002162,
-0.002162,
-0.002162,
-0.002160,
-0.002158,
-0.002156,
-0.002153,
-0.002149,
-0.002146,
-0.002141,
-0.001897,
-0.001901,
-0.001904,
-0.100059,
-0.096443,
-0.092751,
-0.089244,
-0.085935,
-0.082592,
-0.079474,
-0.076586,
-0.073933,
-0.071279,
-0.068874,
-0.066479,
-0.064581,
-0.062688,
-0.061045,
-0.059647,
-0.058486,
-0.057316,
-0.056376,
-0.055895,
-0.055376,
-0.055054,
-0.054917,
-0.054714,
-0.054918,
-0.055267,
-0.055508,
-0.056114,
-0.056581,
-0.057385,
-0.058021,
-0.058724,
-0.059479,
-0.060512,
-0.061320,
-0.062139,
-0.063195,
-0.063988,
-0.064754,
-0.065481,
-0.066400,
-0.067011,
-0.067553,
-0.068259,
-0.068631,
-0.069152,
-0.069326,
-0.069636,
-0.069590,
-0.069673,
-0.069632,
-0.069226,
-0.068942,
-0.068531,
-0.067992,
-0.067326,
-0.066536,
-0.065863,
-0.064821,
-0.063664,
-0.062634,
-0.061247,
-0.059998,
-0.058404,
-0.056958,
-0.055417,
-0.053790,
-0.052082,
-0.050300,
-0.048452,
-0.046546,
-0.044587,
-0.042825,
-0.040776,
-0.038939,
-0.036830,
-0.034948,
-0.033048,
-0.031140,
-0.029229,
-0.027322,
-0.025426,
-0.023547,
-0.021690,
-0.019862,
-0.018306,
-0.016539,
-0.015055,
-0.013608,
-0.011963,
-0.010612,
-0.009309,
-0.008056,
-0.006857,
-0.005712,
-0.004625,
-0.003595,
-0.002625,
-0.001953,
-0.001092,
-0.000531,
0.000220,
0.000671,
0.001314,
0.001660,
0.001959,
0.002213,
0.002664,
0.002824,
0.002945,
0.003028,
0.003077,
0.003093,
0.002839,
0.002806,
0.002748,
0.002667,
0.002327,
0.002217,
0.002093,
0.001716,
0.001578,
0.001192,
0.001050,
0.000664,
0.000526,
0.000150,
-0.000215,
-0.000327,
-0.000673,
-0.001002,
-0.001074,
-0.001376,
-0.001657,
-0.001917,
-0.002156,
-0.002132,
-0.002335,
-0.002514,
-0.002670,
-0.002803,
-0.002912,
-0.002999,
-0.003062,
-0.003104,
-0.003124,
-0.003123,
-0.003102,
-0.003062,
-0.003003,
-0.002927,
-0.002835,
-0.002728,
-0.002607,
-0.002473,
-0.002327,
-0.002171,
-0.002006,
-0.001834,
-0.001654,
-0.001470,
-0.001281,
-0.001089,
-0.000896,
-0.000702,
-0.000509,
-0.000556,
-0.000358,
-0.000164,
0.000025,
0.000208,
0.000385,
0.000555,
0.000716,
0.000869,
0.001013,
0.001147,
0.001271,
0.001385,
0.001488,
0.001581,
0.001662,
0.001733,
0.001793,
0.001842,
0.001880,
0.001908,
0.001925,
0.001933,
0.001930,
0.001919,
0.001898,
0.001869,
0.001832,
0.001788,
0.001976,
0.001909,
0.001837,
0.001760,
0.001679,
0.001594,
0.001506,
0.001416,
0.001323,
0.001470,
0.001367,
0.001264,
0.001162,
0.001062,
0.000963,
0.001106,
0.001004,
0.000906,
0.000811,
0.000721,
0.000635,
0.000795,
0.000711,
0.000633,
0.000561,
0.000496,
0.000676,
0.000615,
0.000561,
0.000514,
0.000713,
0.000671,
0.000637,
0.000609,
0.000829,
0.000807,
0.000792,
0.000784,
0.001022,
0.001019,
0.001023,
0.001032,
0.001288,
0.001301,
0.001320,
0.001584,
0.001605,
0.001631,
0.001662,
0.001937,
0.001968,
0.002003,
0.002042,
0.002324,
0.002361,
0.002401,
0.002683,
0.002720,
0.002759,
0.002800,
0.003083,
0.003119,
0.003156,
0.003195,
0.003475,
0.003508,
0.003541,
0.003815,
0.003841,
0.003867,
0.003894,
0.004162,
0.004181,
0.004200,
0.004220,
0.004480,
0.004492,
0.004503,
0.004516,
0.004768,
0.004771,
0.004776,
0.004780,
0.005025,
0.005021,
0.005019,
0.005017,
0.005015,
0.005254,
0.005246,
0.005238,
0.005231,
0.005465,
0.005451,
0.005439,
0.005429,
0.005419,
0.005411,
0.005645,
0.005631,
0.005619,
0.005609,
0.005600,
0.005833,
0.005819,
0.005807,
0.005798,
0.005790,
0.005785,
0.005781,
0.006019,
0.006010,
0.006004,
0.006000,
0.005998,
0.005998,
0.005999,
0.006243,
0.006239,
0.006238,
0.006239,
0.006242,
0.006246,
0.006253,
0.006261,
0.006270,
0.006281,
0.006533,
0.006538,
0.006544,
0.006551,
0.006560,
0.006570,
0.006582,
0.006594,
0.006607,
0.006621,
0.006635,
0.006651,
0.006666,
0.006682,
0.006698,
0.006715,
0.006971,
0.006979,
0.006987,
0.006995,
0.007003,
0.007012,
0.007020,
0.007029,
0.007037,
0.007046,
0.007054,
0.007062,
0.007070,
0.007078,
0.007085,
0.007092,
0.007099,
0.007106,
0.007112,
0.007117,
0.007123,
0.007127,
0.007132,
0.007136,
0.007139,
0.007142,
0.007145,
0.007147,
0.006909,
0.006919,
0.006928,
0.006936,
0.006944,
0.006951,
0.006956,
0.006961,
0.006965,
0.006968,
0.006970,
0.006972,
0.006972,
0.006972,
0.006971,
0.006970,
0.006967,
0.006964,
0.006961,
0.006957,
0.006952,
0.006947,
0.006941,
0.006696,
0.006698,
0.006700,
0.006701,
0.006702,
0.006702,
0.006701,
0.006700,
0.006698,
0.006695,
0.006693,
0.006689,
0.006685,
0.006681,
0.006677,
0.006432,
0.006436,
0.006439,
0.006442,
0.006444,
0.006445,
0.006446,
0.006446,
0.006446,
0.006445,
0.006443,
0.006441,
0.006439,
0.006196,
0.006202,
0.006207,
0.006211,
0.006214,
0.006217,
0.006219,
0.006220,
0.006221,
0.006220,
0.006220,
0.006218,
0.006216,
0.005974,
0.005980,
0.005984,
0.005988,
0.005992,
0.005994,
0.005995,
0.005996,
0.005996,
0.005995,
0.005993,
0.005991,
0.005748,
0.005753,
0.005758,
0.005761,
0.005763,
0.005765,
0.005766,
0.005765,
0.005764,
0.005762,
0.005760,
0.005756,
0.005513,
0.005517,
0.005520,
0.005522,
0.005524,
0.005524,
0.005524,
0.005523,
0.005520,
0.005518,
0.005514,
0.005510,
0.005266,
0.005269,
0.005271,
0.005273,
0.005274,
0.005274,
0.005273,
0.005271,
0.005269,
0.005266,
0.005262,
0.005018,
0.005022,
0.005025,
0.005027,
0.005028,
0.005028,
0.005028,
0.005026,
0.005024,
0.005022,
0.005018,
0.005014,
0.004770,
0.004773,
0.004776,
0.004778,
0.004779,
0.004779,
0.004779,
0.004777,
0.004775,
0.004773,
0.004769,
0.004526,
0.004530,
0.004533,
0.004536,
0.004537,
0.004538,
0.004538,
0.004537,
0.004535,
0.004533,
0.004530,
0.004526,
0.004282,
0.004286,
0.004289,
0.004292,
0.004293,
0.004293,
0.004293,
0.004292,
0.004290,
0.004287,
0.004284,
0.004280,
0.004036,
0.004040,
0.004043,
0.004045,
0.004046,
0.004047,
0.004046,
0.004045,
0.004043,
0.004041,
0.004037,
0.004034,
0.003790,
0.003793,
0.003796,
0.003799,
0.003800,
0.003800,
0.003800,
0.003799,
0.003797,
0.003795,
0.003792,
0.003788,
0.003544,
0.003548,
0.003551,
0.003554,
0.003555,
0.003556,
0.003555,
0.003555,
0.003553,
0.003551,
0.003548,
0.003544,
0.003540,
0.003295,
0.003299,
0.003302,
0.003304,
0.003305,
0.003306,
0.003305,
0.003304,
0.003302,
0.003300,
0.003297,
0.003293,
0.003289,
0.003045,
0.003049,
0.003052,
0.003054,
0.003055,
0.003056,
0.003056,
0.003055,
0.003054,
0.003052,
0.003049,
0.003046,
0.003042,
0.002798,
0.002802,
0.002806,
0.002808,
0.002810,
0.002811,
0.002811,
0.002811,
0.002809,
0.002808,
0.002805,
0.002802,
0.002799,
0.002795,
0.002551,
0.002555,
0.002558,
0.002560,
0.002562,
0.002563,
0.002563,
0.002562,
0.002561,
0.002559,
0.002557,
0.002554,
0.002551,
0.002547,
0.002542,
0.002298,
0.002302,
0.002305,
0.002307,
0.002309,
0.002309,
0.002310,
0.002309,
0.002308,
0.002307,
0.002305,
0.002302,
0.002299,
0.002295,
0.002291,
0.002047,
0.002051,
0.002055,
0.002057,
0.002059,
0.002061,
0.002062,
0.002062,
0.002061,
0.002060,
0.002058,
0.002056,
0.002053,
0.002050,
0.002047,
0.002043,
0.001799,
0.001803,
0.001807,
0.001809,
0.001812,
0.001813,
0.001814,
0.001814,
0.001814,
0.001813,
0.001812,
0.001810,
0.001807,
0.001804,
0.001801,
0.001797,
0.001793,
0.001549,
0.001553,
0.001557,
0.001560,
0.001562,
0.001564,
0.001565,
0.001565,
0.001565,
0.001564,
0.001563,
0.001561,
0.001559,
0.001556,
0.001553,
0.001550,
0.001546,
0.001542,
0.001537,
0.001533,
0.001288,
0.001292,
0.001295,
0.001298,
0.001300,
0.001302,
0.001303,
0.001304,
0.001304,
0.001304,
0.001303,
0.001302,
0.001300,
0.001298,
0.001296,
0.001293,
0.001290,
0.001287,
0.001284,
0.001280,
0.001276,
0.001032,
0.001037,
0.001041,
0.001045,
0.001048,
0.001050,
0.001052,
0.001054,
0.001055,
0.001056,
0.001056,
0.001055,
0.001055,
0.001054,
0.001052,
0.001050,
0.001048,
0.001045,
0.001043,
0.001039,
0.001036,
0.001033,
0.001029,
0.001025,
0.001021,
0.000777,
0.000782,
0.000786,
0.000790,
0.000793,
0.000796,
0.000798,
0.000800,
0.000802,
0.000803,
0.000803,
0.000804,
0.000803,
0.000803,
0.000802,
0.000800,
0.000799,
0.000797,
0.000795,
0.000792,
0.000789,
0.000786,
0.000783,
0.000780,
0.000776,
0.000773,
0.000769,
0.000765,
0.000522,
0.000527,
0.000532,
0.000536,
0.000540,
0.000543,
0.000546,
0.000548,
0.000550,
0.000552,
0.000553,
0.000554,
0.000555,
0.000555,
0.000554,
0.000554,
0.000553,
0.000551,
0.000550,
0.000548,
0.000545,
0.000543,
0.000540,
0.000538,
0.000535,
0.000531,
0.000528,
0.000525,
0.000521,
0.000518,
0.000514,
0.000511,
0.000507,
0.000504,
0.000500,
0.000497,
0.000493,
0.000251,
0.000256,
0.000262,
0.000267,
0.000272,
0.000276,
0.000280
